155
155
152
167
100
107
121
129
133
134
131
131
131
131
131
130
111
154
156
157
153
219
122
121
124
108
108
155
155
152
167
100
107
121
129
133
134
131
131
131
131
131
130
111
154
156
157
153
219
122
121
124
108
108
159
159
167
163
98 
106
120
129
130
130
132
125
125
135
128
128
117
142
154
155
153
194
104
122
98 
56 
56 
162
162
144
163
95 
107
121
128
132
130
141
172
180
129
128
128
116
138
148
152
147
141
224
94 
58 
52 
52 
151
151
143
161
90 
103
115
121
135
122
135
142
181
193
190
107
108
141
144
148
143
145
157
55 
55 
71 
71 
91 
91 
144
162
91 
104
114
120
120
121
136
145
176
202
203
216
91 
141
148
103
144
147
56 
53 
58 
146
146
96 
96 
142
163
87 
109
112
128
113
124
139
116
182
194
194
201
220
136
156
53 
208
52 
57 
58 
147
157
157
104
104
138
168
88 
108
118
112
118
128
160
158
174
173
193
161
198
192
140
178
197
46 
54 
47 
158
155
155
108
108
143
171
86 
105
105
138
110
139
147
165
174
168
174
187
161
187
201
197
175
49 
57 
142
161
156
156
102
102
144
173
87 
103
99 
169
130
140
133
132
111
124
148
144
200
190
202
201
163
56 
95 
156
154
153
153
107
107
143
172
85 
103
105
204
117
125
135
69 
53 
70 
173
175
181
196
136
166
57 
59 
138
160
155
152
152
106
106
138
173
86 
104
112
218
113
129
61 
56 
52 
91 
182
175
196
166
128
50 
66 
63 
162
161
157
152
152
104
104
138
172
89 
108
114
119
128
98 
84 
57 
156
182
152
173
201
210
52 
60 
55 
141
158
153
144
151
151
105
105
134
175
90 
104
113
162
65 
74 
98 
46 
193
107
68 
140
188
77 
47 
71 
61 
155
154
153
152
142
142
107
107
131
180
98 
57 
157
113
75 
59 
52 
191
122
121
157
129
169
101
59 
70 
111
153
154
149
131
178
178
82 
82 
126
177
93 
99 
69 
70 
53 
115
53 
53 
132
172
168
137
197
134
62 
53 
140
153
145
135
193
195
195
82 
82 
123
178
93 
79 
101
115
67 
50 
120
72 
132
150
155
141
231
126
80 
120
153
150
146
166
202
206
206
78 
78 
139
181
85 
65 
76 
116
44 
167
53 
67 
131
142
150
159
165
55 
73 
134
152
144
139
195
206
208
208
65 
65 
139
180
80 
113
62 
90 
124
53 
60 
57 
119
136
126
164
146
50 
88 
149
152
146
140
215
212
209
209
51 
51 
135
177
84 
53 
96 
106
111
56 
58 
61 
59 
126
151
168
74 
55 
82 
171
149
147
131
218
213
204
204
81 
81 
98 
171
101
83 
85 
118
104
55 
52 
54 
57 
127
140
157
199
45 
82 
147
128
101
108
206
157
81 
81 
143
143
90 
179
55 
57 
71 
96 
93 
148
69 
57 
60 
133
141
157
180
204
50 
138
141
133
137
212
91 
96 
96 
114
114
67 
178
69 
55 
52 
66 
114
150
53 
68 
68 
139
140
153
174
204
217
146
138
124
205
132
118
101
101
72 
72 
72 
174
67 
51 
69 
61 
53 
136
50 
115
95 
142
139
149
162
193
212
98 
137
146
208
100
101
96 
96 
103
103
77 
176
59 
55 
78 
63 
64 
51 
65 
69 
135
141
141
143
152
182
205
92 
94 
115
153
76 
80 
84 
84 
66 
66 
124
180
56 
63 
53 
49 
54 
53 
117
129
133
139
144
148
148
168
197
204
107
116
102
75 
120
63 
63 
66 
66 
124
180
56 
63 
53 
49 
54 
53 
117
129
133
139
144
148
148
168
197
204
107
116
102
75 
120
63 
63 
