0  
0  
237
0  
0  
20 
16 
16 
18 
0  
11 
8  
5  
4  
53 
0  
131
19 
19 
0  
255
0  
31 
134
82 
16 
71 
218
0  
0  
12 
18 
0  
0  
0  
0  
0  
0  
0  
35 
0  
42 
30 
20 
0  
255
0  
31 
49 
0  
60 
0  
243
0  
8  
39 
21 
31 
0  
40 
215
238
0  
0  
2  
0  
34 
10 
24 
0  
0  
255
0  
0  
0  
120
0  
255
0  
0  
2  
0  
86 
0  
0  
0  
109
155
214
0  
0  
94 
33 
55 
17 
1  
255
0  
0  
0  
0  
43 
255
0  
11 
0  
2  
0  
0  
44 
0  
53 
103
127
255
0  
0  
162
0  
153
214
0  
0  
0  
255
0  
70 
255
0  
50 
0  
97 
0  
0  
24 
0  
118
55 
9  
132
255
0  
157
0  
255
0  
0  
0  
255
134
0  
9  
255
0  
54 
27 
0  
0  
0  
164
7  
62 
0  
92 
0  
139
137
0  
97 
255
0  
0  
0  
241
0  
0  
36 
255
0  
46 
0  
143
0  
46 
21 
131
187
73 
94 
117
0  
12 
121
119
255
0  
0  
254
167
3  
0  
33 
255
0  
49 
0  
255
0  
84 
12 
69 
0  
0  
0  
0  
179
56 
142
255
255
0  
0  
186
0  
0  
0  
29 
255
0  
43 
0  
255
0  
42 
235
0  
0  
0  
255
1  
6  
169
0  
255
0  
0  
192
102
0  
0  
0  
0  
255
0  
30 
0  
255
0  
171
0  
0  
0  
0  
255
0  
91 
28 
0  
0  
0  
0  
255
61 
28 
2  
0  
0  
255
0  
52 
0  
0  
46 
32 
53 
0  
255
255
98 
82 
255
255
0  
0  
0  
254
122
0  
0  
16 
0  
0  
255
0  
6  
0  
255
0  
0  
123
0  
255
0  
0  
0  
255
0  
0  
53 
0  
253
16 
29 
15 
0  
0  
0  
255
0  
0  
255
140
0  
0  
0  
255
0  
0  
214
0  
249
0  
0  
0  
32 
151
35 
0  
0  
96 
0  
0  
255
0  
45 
0  
0  
0  
255
0  
0  
43 
239
182
0  
255
47 
0  
0  
157
72 
0  
0  
182
71 
0  
0  
255
0  
0  
119
255
0  
0  
255
0  
137
18 
21 
0  
255
11 
0  
113
178
28 
0  
0  
112
35 
0  
86 
255
0  
0  
0  
249
0  
255
0  
0  
173
37 
27 
0  
248
0  
0  
105
68 
0  
0  
134
35 
6  
0  
106
255
0  
255
0  
0  
249
0  
0  
0  
173
84 
0  
173
255
0  
0  
191
24 
14 
0  
255
28 
8  
0  
118
255
0  
0  
58 
58 
182
0  
16 
0  
0  
93 
64 
187
0  
0  
0  
255
51 
121
0  
255
202
255
0  
0  
255
0  
62 
0  
182
49 
0  
0  
0  
0  
149
0  
46 
255
0  
0  
235
0  
0  
0  
255
0  
0  
255
0  
255
0  
0  
0  
65 
0  
255
0  
0  
0  
192
0  
0  
147
255
0  
55 
73 
0  
0  
255
0  
0  
139
0  
255
0  
0  
0  
0  
109
255
0  
0  
0  
194
0  
0  
0  
240
255
37 
41 
0  
255
0  
15 
13 
0  
0  
255
0  
0  
71 
0  
0  
255
0  
255
0  
138
0  
0  
0  
36 
255
0  
143
0  
255
0  
21 
3  
172
0  
255
0  
0  
160
23 
0  
0  
0  
0  
117
60 
0  
0  
0  
19 
255
0  
0  
0  
255
0  
0  
0  
0  
20 
255
0  
31 
0  
0  
0  
0  
255
134
50 
2  
9  
16 
0  
0  
156
255
0  
32 
0  
0  
255
0  
